fc adapt predict.fit4
1 100 0 0.0325717606219359
2 101 0 0.0339554690716676
3 102 0 0.0353871632327166
4 103 0 0.0368679907051803
5 104 0 0.0383991036223577
6 105 0 0.0399816575799302
7 106 0 0.0416168105238758
8 107 0 0.0433057215976906
9 108 0 0.0450495499496041
10 109 0 0.0468494535005771
11 110 0 0.0487065876739835
12 111 0 0.0506221040879862
13 112 0 0.0525971492117318
14 113 0 0.0546328629865969
15 114 0 0.0567303774138369
16 115 0 0.0588908151100973
17 116 0 0.0611152878323634
18 117 0 0.0634048949740359
19 118 0 0.0657607220339311
20 119 0 0.0681838390601167
21 120 0 0.0706752990706027
22 121 0 0.0732361364530146
23 122 0 0.0758673653454807
24 123 0 0.0785699780010692
25 124 0 0.0813449431382109
26 125 0 0.0841932042796377
27 126 0 0.0871156780824629
28 127 0 0.0901132526621175
29 128 0 0.093186785912939
30 129 0 0.0963371038282933
31 130 0 0.0995649988231827
32 131 0 0.102871228062362
33 132 0 0.106256511797049
34 133 0 0.109721531713381
35 134 0 0.113266929295797
36 135 0 0.116893304208611
37 136 0 0.120601212699027
38 137 0 0.124391166024932
39 138 0 0.128263628910779
40 139 0 0.132219018034918
41 140 0 0.136257700551733
42 141 0 0.140379992651928
43 142 0 0.144586158164324
44 143 0 0.148876407202483
45 144 0 0.153250894859472
46 145 0 0.157709719954024
47 146 0 0.162252923831337
48 147 0 0.166880489221672
49 148 0 0.171592339159861
50 149 0 0.176388335968787
51 150 0 0.18126828030977
52 151 0 0.186231910302765
53 152 0 0.191278900719134
54 153 0 0.196408862249677
55 154 0 0.201621340850484
56 155 0 0.206915817169049
57 156 0 0.212291706052963
58 157 0 0.217748356143357
59 158 0 0.223285049555136
60 159 0 0.228901001645874
61 160 0 0.234595360875102
62 161 0 0.240367208755538
63 162 0 0.246215559897647
64 163 0 0.252139362148742
65 164 0 0.258137496827649
66 165 0 0.26420877905577
67 166 0 0.270351958185198
68 167 0 0.27656571832433
69 168 0 0.282848678961221
70 169 0 0.289199395684741
71 170 0 0.295616361003358
72 171 0 0.302098005261206
73 172 0 0.308642697650838
74 173 0 0.315248747321901
75 174 0 0.321914404584735
76 175 0 0.328637862207685
77 176 0 0.335417256806735
78 177 0 0.34225067032583
79 178 0 0.349136131606078
80 179 0 0.356071618041793
81 180 0 0.363055057321184
82 181 0 0.370084329249243
83 182 0 0.377157267650256
84 183 0 0.384271662347116
85 184 0 0.3914252612145
86 185 0 0.398615772302735
87 186 0 0.405840866029063
88 187 0 0.413098177432828
89 188 0 0.420385308490965
90 189 0 0.427699830490016
91 190 0 0.435039286450784
92 191 0 0.442401193601593
93 192 0 0.449783045896005
94 193 0 0.457182316570744
95 194 0 0.464596460739487
96 195 0 0.472022918018066
97 196 0 0.479459115176594
98 197 0 0.486902468813912
99 198 0 0.494350388049745
100 199 0 0.50180027722988
101 200 0 0.509249538639664
102 201 0 0.516695575221091
103 202 0 0.524135793288749
104 203 0 0.531567605239887
105 204 0 0.53898843225388
106 205 0 0.546395706976413
107 206 0 0.553786876183714
108 207 0 0.561159403422235
109 208 0 0.568510771619235
110 209 0 0.575838485659781
111 210 0 0.583140074925781
112 211 0 0.59041309579274
113 212 0 0.597655134080035
114 213 0 0.604863807450631
115 214 0 0.612036767756254
116 215 0 0.619171703324198
117 216 0 0.626266341182062
118 217 0 0.633318449216864
119 218 0 0.640325838265152
120 219 0 0.647286364130856
121 220 0 0.654197929527854
122 221 0 0.661058485944331
123 222 0 0.667866035426257
124 223 0 0.674618632277457
125 224 0 0.681314384673951
126 225 0 0.68795145619044
127 226 0 0.694528067237013
128 227 0 0.701042496404352
129 228 0 0.70749308171592
130 229 0 0.713878221785813
131 230 0 0.720196376881197
132 231 0 0.726446069888415
133 232 0 0.732625887182092
134 233 0 0.738734479396776
135 234 0 0.744770562100831
136 235 0 0.750732916372535
137 236 0 0.756620389278531
138 237 0 0.762431894254968
139 238 0 0.768166411391883
140 239 0 0.773822987621564
141 240 0 0.779400736811822
142 241 0 0.784898839765283
143 242 0 0.790316544125998
144 243 0 0.795653164194842
145 244 0 0.800908080655334
146 245 0 0.806080740211682
147 246 0 0.811170655141003
148 247 0 0.816177402761824
149 248 0 0.821100624821115
150 249 0 0.825940026802212
151 250 0 0.830695377156153
152 251 0 0.835366506459031
153 252 0 0.8399533064981
154 253 0 0.844455729289466
155 254 0 0.848873786030265
156 255 0 0.853207545988359
157 256 0 0.857457135332601
158 257 0 0.861622735906831
159 258 0 0.865704583950793
160 259 0 0.869702968771219
161 260 0 0.873618231366378
162 261 0 0.877450763007389
163 262 0 0.88120100377966
164 263 0 0.884869441087775
165 264 0 0.888456608127214
166 265 0 0.891963082326239
167 266 0 0.895389483761302
168 267 0 0.898736473549281
169 268 0 0.902004752219856
170 269 0 0.905195058071278
171 270 0 0.908308165512749
172 271 0 0.911344883396593
173 272 0 0.914306053343326
174 273 0 0.91719254806269
175 274 0 0.920005269673637
176 275 0 0.922745148026181
177 276 0 0.925413139027958
178 277 0 0.928010222978254
179 278 0 0.930537402912175
180 279 0 0.932995702957527
181 280 0 0.93538616670691
182 281 0 0.937709855607398
183 282 0 0.939967847370095
184 283 0 0.942161234401756
185 284 0 0.944291122260537
186 285 0 0.946358628137852
187 286 0 0.948364879368178
188 287 0 0.950311011968582
189 288 0 0.952198169209564
190 289 0 0.954027500218774
191 290 0 0.955800158618986
192 291 0 0.957517301201629
193 292 0 0.959180086637065
194 293 0 0.96078967422266
195 294 0 0.96234722266964
196 295 0 0.963853888929541
197 296 0 0.965310827061024
198 297 0 0.966719187137663
199 298 0 0.968080114197248
200 299 0 0.969394747233025
201 300 0 0.970664218227183
202 100 1 0.0204334898740165
203 101 1 0.0214848494061923
204 102 1 0.0225815749295837
205 103 1 0.0237251256803687
206 104 1 0.0249169815366055
207 105 1 0.0261586419203476
208 106 1 0.0274516246186286
209 107 1 0.0287974645225305
210 108 1 0.0301977122837329
211 109 1 0.0316539328881375
212 110 1 0.033167704146365
213 111 1 0.0347406151011367
214 112 1 0.0363742643517723
215 113 1 0.0380702582962695
216 114 1 0.0398302092916635
217 115 1 0.0416557337336151
218 116 1 0.04354845005642
219 117 1 0.0455099766548972
220 118 1 0.0475419297298685
221 119 1 0.0496459210592127
222 120 1 0.0518235556967464
223 121 1 0.0540764296014561
224 122 1 0.0564061271998799
225 123 1 0.058814218884716
226 124 1 0.0613022584530063
227 125 1 0.063871780487523
228 126 1 0.0665242976852541
229 127 1 0.0692612981371589
230 128 1 0.0720842425636244
231 129 1 0.0749945615103208
232 130 1 0.0779936525094035
233 131 1 0.0810828772112586
234 132 1 0.0842635584922288
235 133 1 0.0875369775439843
236 134 1 0.0909043709504226
237 135 1 0.0943669277581897
238 136 1 0.0979257865471075
239 137 1 0.101582032506974
240 138 1 0.105336694527371
241 139 1 0.109190742307257
242 140 1 0.113145083491264
243 141 1 0.117200560839734
244 142 1 0.121357949439609
245 143 1 0.125617953963392
246 144 1 0.129981205983444
247 145 1 0.134448261348893
248 146 1 0.1390195976325
249 147 1 0.143695611654753
250 148 1 0.148476617092499
251 149 1 0.153362842179293
252 150 1 0.158354427504655
253 151 1 0.163451423919232
254 152 1 0.16865379055282
255 153 1 0.173961392951988
256 154 1 0.17937400134392
257 155 1 0.184891289032862
258 156 1 0.190512830935356
259 157 1 0.1962381022602
260 158 1 0.202066477338798
261 159 1 0.207997228611276
262 160 1 0.214029525773438
263 161 1 0.220162435089291
264 162 1 0.22639491887352
265 163 1 0.232725835147922
266 164 1 0.239153937475419
267 165 1 0.245677874974846
268 166 1 0.25229619251932
269 167 1 0.259007331120496
270 168 1 0.265809628500634
271 169 1 0.272701319853876
272 170 1 0.279680538797674
273 171 1 0.286745318514838
274 172 1 0.293893593086153
275 173 1 0.301123199013028
276 174 1 0.308431876929121
277 175 1 0.3158172734994
278 176 1 0.32327694350455
279 177 1 0.330808352108173
280 178 1 0.338408877303675
281 179 1 0.34607581253727
282 180 1 0.353806369503009
283 181 1 0.361597681105269
284 182 1 0.369446804583633
285 183 1 0.377350724794668
286 184 1 0.385306357644599
287 185 1 0.393310553666489
288 186 1 0.401360101735059
289 187 1 0.409451732911935
290 188 1 0.417582124413671
291 189 1 0.425747903694553
292 190 1 0.433945652635861
293 191 1 0.442171911832923
294 192 1 0.450423184971011
295 193 1 0.458695943280864
296 194 1 0.466986630064383
297 195 1 0.47529166528082
298 196 1 0.48360745018362
299 197 1 0.491930371997892
300 198 1 0.500256808628395
301 199 1 0.508583133387801
302 200 1 0.516905719734964
303 201 1 0.525220946012859
304 202 1 0.5335252001759
305 203 1 0.541814884496332
306 204 1 0.550086420239495
307 205 1 0.558336252297824
308 206 1 0.566560853773594
309 207 1 0.574756730500561
310 208 1 0.582920425494847
311 209 1 0.591048523325622
312 210 1 0.599137654396379
313 211 1 0.607184499127877
314 212 1 0.615185792034105
315 213 1 0.623138325682961
316 214 1 0.631038954533665
317 215 1 0.638884598643302
318 216 1 0.646672247235277
319 217 1 0.654398962122869
320 218 1 0.662061880981489
321 219 1 0.669658220463711
322 220 1 0.677185279151565
323 221 1 0.684640440341086
324 222 1 0.692021174654564
325 223 1 0.699325042476454
326 224 1 0.706549696209378
327 225 1 0.713692882347173
328 226 1 0.720752443362442
329 227 1 0.727726319406568
330 228 1 0.734612549820659
331 229 1 0.741409274456431
332 230 1 0.748114734806482
333 231 1 0.754727274943986
334 232 1 0.761245342272259
335 233 1 0.767667488085195
336 234 1 0.773992367940006
337 235 1 0.780218741844181
338 236 1 0.786345474259053
339 237 1 0.792371533922752
340 238 1 0.798295993495803
341 239 1 0.804118029033002
342 240 1 0.809836919285591
343 241 1 0.81545204483816
344 242 1 0.820962887084999
345 243 1 0.826369027051018
346 244 1 0.831670144062611
347 245 1 0.836866014274153
348 246 1 0.841956509056093
349 247 1 0.846941593250816
350 248 1 0.851821323302702
351 249 1 0.856595845268985
352 250 1 0.86126539271819
353 251 1 0.865830284523069
354 252 1 0.870290922555102
355 253 1 0.874647789287691
356 254 1 0.878901445315292
357 255 1 0.883052526795741
358 256 1 0.887101742823102
359 257 1 0.891049872738333
360 258 1 0.89489776338507
361 259 1 0.898646326317799
362 260 1 0.902296534969595
363 261 1 0.905849421786577
364 262 1 0.909306075336078
365 263 1 0.912667637395456
366 264 1 0.915935300028313
367 265 1 0.91911030265474
368 266 1 0.922193929122053
369 267 1 0.925187504782287
370 268 1 0.928092393582533
371 269 1 0.930909995173981
372 270 1 0.93364174204533
373 271 1 0.936289096685979
374 272 1 0.938853548784182
375 273 1 0.941336612465106
376 274 1 0.943739823573469
377 275 1 0.946064737005164
378 276 1 0.948312924092045
379 277 1 0.950485970043731
380 278 1 0.95258547145006
381 279 1 0.9546130338475
382 280 1 0.956570269352605
383 281 1 0.958458794365276
384 282 1 0.96028022734434
385 283 1 0.962036186657695
386 284 1 0.96372828850896
387 285 1 0.965358144942365
388 286 1 0.966927361927278
389 287 1 0.968437537523589
390 288 1 0.969890260128851
391 289 1 0.971287106807878
392 290 1 0.972629641705255
393 291 1 0.973919414540955
394 292 1 0.975157959189096
395 293 1 0.976346792339586
396 294 1 0.977487412242268
397 295 1 0.978581297532932
398 296 1 0.979629906140406
399 297 1 0.980634674273743
400 298 1 0.981597015488379
401 299 1 0.982518319829954
402 300 1 0.983399953054369
403 100 2 0.0332147374434478
404 101 2 0.0345746185381408
405 102 2 0.0359799028917167
406 103 2 0.037431632262371
407 104 2 0.0389308520084914
408 105 2 0.0404786101663719
409 106 2 0.0420759564942055
410 107 2 0.0437239414828444
411 108 2 0.0454236153338971
412 109 2 0.0471760269058169
413 110 2 0.04898222262872
414 111 2 0.0508432453887557
415 112 2 0.0527601333829392
416 113 2 0.0547339189454423
417 114 2 0.0567656273464265
418 115 2 0.0588562755645869
419 116 2 0.0610068710346655
420 117 2 0.0632184103712776
421 118 2 0.0654918780704803
422 119 2 0.0678282451905999
423 120 2 0.0702284680139151
424 121 2 0.0726934866908805
425 122 2 0.0752242238686517
426 123 2 0.0778215833057558
427 124 2 0.0804864484748265
428 125 2 0.0832196811553985
429 126 2 0.0860221200188289
430 127 2 0.0888945792074797
431 128 2 0.0918378469103672
432 129 2 0.0948526839375404
433 130 2 0.0979398222955136
434 131 2 0.101099963766134
435 132 2 0.104333778491313
436 133 2 0.107641903566099
437 134 2 0.111024941642613
438 135 2 0.114483459547396
439 136 2 0.118017986914772
440 137 2 0.12162901483882
441 138 2 0.125316994546616
442 139 2 0.129082336095378
443 140 2 0.132925407096188
444 141 2 0.136846531466956
445 142 2 0.140845988217287
446 143 2 0.144924010267913
447 144 2 0.149080783307332
448 145 2 0.15331644468827
449 146 2 0.157631082366566
450 147 2 0.162024733885044
451 148 2 0.166497385404879
452 149 2 0.171048970786945
453 150 2 0.175679370725556
454 151 2 0.180388411936967
455 152 2 0.185175866404914
456 153 2 0.190041450685433
457 154 2 0.194984825273081
458 155 2 0.200005594030633
459 156 2 0.205103303684192
460 157 2 0.210277443385607
461 158 2 0.215527444343941
462 159 2 0.220852679527647
463 160 2 0.226252463438998
464 161 2 0.231726051962172
465 162 2 0.237272642286305
466 163 2 0.242891372904658
467 164 2 0.248581323690939
468 165 2 0.254341516053662
469 166 2 0.260170913169305
470 167 2 0.266068420294843
471 168 2 0.272032885160146
472 169 2 0.27806309844051
473 170 2 0.284157794309492
474 171 2 0.290315651072022
475 172 2 0.296535291877639
476 173 2 0.302815285513522
477 174 2 0.309154147276811
478 175 2 0.315550339925598
479 176 2 0.322002274707756
480 177 2 0.328508312466644
481 178 2 0.335066764822563
482 179 2 0.341675895428657
483 180 2 0.348333921299836
484 181 2 0.355039014213096
485 182 2 0.361789302177505
486 183 2 0.368582870971922
487 184 2 0.375417765748432
488 185 2 0.382291992699272
489 186 2 0.389203520784932
490 187 2 0.396150283520968
491 188 2 0.403130180820911
492 189 2 0.410141080892571
493 190 2 0.417180822184888
494 191 2 0.424247215382376
495 192 2 0.4313380454441
496 193 2 0.438451073684039
497 194 2 0.445584039889568
498 195 2 0.452734664474726
499 196 2 0.459900650664858
500 197 2 0.46707968670914
501 198 2 0.474269448117427
502 199 2 0.48146759991784
503 200 2 0.488671798931408
504 201 2 0.495879696060102
505 202 2 0.503088938584512
506 203 2 0.510297172467444
507 204 2 0.517502044659661
508 205 2 0.524701205404014
509 206 2 0.531892310534203
510 207 2 0.53907302376441
511 208 2 0.546241018966094
512 209 2 0.553393982428234
513 210 2 0.560529615097372
514 211 2 0.567645634793835
515 212 2 0.574739778400582
516 213 2 0.581809804021171
517 214 2 0.588853493103425
518 215 2 0.59586865252545
519 216 2 0.602853116640725
520 217 2 0.609804749279116
521 218 2 0.616721445700709
522 219 2 0.623601134499528
523 220 2 0.630441779454255
524 221 2 0.637241381323223
525 222 2 0.643997979581076
526 223 2 0.650709654094596
527 224 2 0.65737452673535
528 225 2 0.663990762926951
529 226 2 0.670556573124843
530 227 2 0.67707021422671
531 228 2 0.683529990911705
532 229 2 0.689934256906899
533 230 2 0.696281416179463
534 231 2 0.70256992405329
535 232 2 0.70879828824888
536 233 2 0.714965069845523
537 234 2 0.721068884164916
538 235 2 0.727108401575578
539 236 2 0.733082348217515
540 237 2 0.73898950664682
541 238 2 0.744828716399987
542 239 2 0.750598874477936
543 240 2 0.756298935749849
544 241 2 0.761927913277114
545 242 2 0.7674848785578
546 243 2 0.772968961692249
547 244 2 0.778379351470509
548 245 2 0.783715295382484
549 246 2 0.788976099551801
550 247 2 0.79416112859455
551 248 2 0.799269805404166
552 249 2 0.80430161086385
553 250 2 0.809256083488052
554 251 2 0.814132818994664
555 252 2 0.818931469809651
556 253 2 0.823651744505983
557 254 2 0.828293407178815
558 255 2 0.832856276758959
559 256 2 0.837340226266776
560 257 2 0.841745182008695
561 258 2 0.846071122718644
562 259 2 0.850318078646749
563 260 2 0.854486130597697
564 261 2 0.858575408921255
565 262 2 0.862586092457426
566 263 2 0.866518407438834
567 264 2 0.870372626352887
568 265 2 0.874149066766382
569 266 2 0.877848090115147
570 267 2 0.881470100461408
571 268 2 0.885015543221532
572 269 2 0.888484903866812
573 270 2 0.891878706599961
574 271 2 0.895197513009971
575 272 2 0.898441920707971
576 273 2 0.901612561946711
577 274 2 0.90471010222626
578 275 2 0.907735238888472
579 276 2 0.910688699702762
580 277 2 0.913571241445662
581 278 2 0.916383648476594
582 279 2 0.919126731312264
583 280 2 0.921801325201979
584 281 2 0.924408288706194
585 282 2 0.926948502280479
586 283 2 0.929422866867058
587 284 2 0.931832302495997
588 285 2 0.934177746898047
589 286 2 0.936460154131078
590 287 2 0.938680493221937
591 288 2 0.940839746825537
592 289 2 0.942938909902841
593 290 2 0.944978988419369
594 291 2 0.946960998065752
595 292 2 0.94888596300177
596 293 2 0.950754914625237
597 294 2 0.952568890366998
598 295 2 0.954328932513225
599 296 2 0.956036087056103
600 297 2 0.957691402573916
601 298 2 0.959295929141454
602 299 2 0.960850717271585
603 300 2 0.962356816888731
